Episode,Wins,Losses,Win Rate
65,33,32,0.5077
142,24,53,0.3117
217,29,46,0.3867
291,16,58,0.2162
367,35,41,0.4605
446,32,47,0.4051
523,53,24,0.6883
597,36,38,0.4865
677,41,39,0.5125
759,21,61,0.2561
835,27,49,0.3553
913,38,40,0.4872
990,30,47,0.3896
1072,33,49,0.4024
1154,38,44,0.4634
1235,37,44,0.4568
1316,44,37,0.5432
1399,42,41,0.5060
1478,55,24,0.6962
1563,37,48,0.4353
1638,34,41,0.4533
1721,55,29,0.6548
1807,44,41,0.5176
1898,26,65,0.2857
1981,42,41,0.5060
