Episode,Wins,Losses,Win Rate
48,17,32,0.3469
96,10,37,0.2128
145,17,32,0.3469
193,18,30,0.3750
246,28,25,0.5283
295,15,34,0.3061
345,17,33,0.3400
392,19,28,0.4043
439,21,26,0.4468
491,18,34,0.3462
541,23,27,0.4600
591,19,31,0.3800
640,19,30,0.3878
690,15,35,0.3000
736,25,21,0.5435
782,15,31,0.3261
831,16,33,0.3265
878,16,32,0.3333
926,17,30,0.3617
977,21,30,0.4118
1027,8,42,0.1600
